Point(1) = {0, 0, 0, 0.002633};
Point(2) = {1, 0, 0, 0.002633};
Point(3) = {1.001, 0.0265784, 0, 0.002633};
Line(1)={1,2}; Line(2)={2,3}; Line(3)={3,1};
Line Loop(1) = {1,2,3}; Plane Surface(1) = {1};
